{
    "frames": [
        {
            "fl_x": 430.9388732910156,
            "fl_y": 430.4609375,
            "cx": 315.7748718261719,
            "cy": 243.72122192382812,
            "w": 640,
            "h": 480,
            "k1": 0.0,
            "k2": 0.0,
            "k3": 0.0,
            "k4": 0.0,
            "p1": 0.0,
            "p2": 0.0,
            "file_path": "rgb/frame_00001.png",
            "depth_file_path": "depth/frame_00001.npy",
            "transform_matrix": [
                [
                    -0.950682,
                    0.269068,
                    -0.154293,
                    -0.270163
                ],
                [
                    -0.310165,
                    -0.82264,
                    0.47651,
                    0.29451
                ],
                [
                    0.001286,
                    0.500865,
                    0.865524,
                    0.445857
                ],
                [
                    0.0,
                    0.0,
                    0.0,
                    1.0
                ]
            ]
        },
        {
            "fl_x": 616.5684814453125,
            "fl_y": 616.5177001953125,
            "cx": 322.56976318359375,
            "cy": 246.27505493164062,
            "w": 640,
            "h": 480,
            "k1": 0.0,
            "k2": 0.0,
            "k3": 0.0,
            "k4": 0.0,
            "p1": 0.0,
            "p2": 0.0,
            "file_path": "rgb/frame_00002.png",
            "depth_file_path": "depth/frame_00002.npy",
            "transform_matrix": [
                [
                    0.9999291295122367,
                    -0.00023735395464548938,
                    0.011906528481880107,
                    -0.21239891377350376
                ],
                [
                    0.004269776390354776,
                    0.940475480982788,
                    -0.33983432222135634,
                    -0.2196229904177669
                ],
                [
                    -0.01111700825209648,
                    0.3398618940883121,
                    0.9404094687772252,
                    0.5485405868627334
                ],
                [
                    0.0,
                    0.0,
                    0.0,
                    1.0
                ]
            ]
        },
        {
            "fl_x": 616.5684814453125,
            "fl_y": 616.5177001953125,
            "cx": 322.56976318359375,
            "cy": 246.27505493164062,
            "w": 640,
            "h": 480,
            "k1": 0.0,
            "k2": 0.0,
            "k3": 0.0,
            "k4": 0.0,
            "p1": 0.0,
            "p2": 0.0,
            "file_path": "rgb/frame_00003.png",
            "depth_file_path": "depth/frame_00003.npy",
            "transform_matrix": [
                [
                    0.9727869306723284,
                    0.10743458016681547,
                    0.2052888955132652,
                    -0.2342007785178952
                ],
                [
                    0.005997492065873496,
                    0.8740326118449919,
                    -0.4858296683856896,
                    -0.2044804663856451
                ],
                [
                    -0.23162404994307176,
                    0.473840794081515,
                    0.8496029093883763,
                    0.49274558972990956
                ],
                [
                    0.0,
                    0.0,
                    0.0,
                    1.0
                ]
            ]
        },
        {
            "fl_x": 616.5684814453125,
            "fl_y": 616.5177001953125,
            "cx": 322.56976318359375,
            "cy": 246.27505493164062,
            "w": 640,
            "h": 480,
            "k1": 0.0,
            "k2": 0.0,
            "k3": 0.0,
            "k4": 0.0,
            "p1": 0.0,
            "p2": 0.0,
            "file_path": "rgb/frame_00004.png",
            "depth_file_path": "depth/frame_00004.npy",
            "transform_matrix": [
                [
                    0.9784681261687737,
                    -0.10542489673582356,
                    -0.1774422293705555,
                    -0.1896377267803499
                ],
                [
                    0.006048030780357629,
                    0.8739850400833373,
                    -0.4859146159843631,
                    -0.2044511592006225
                ],
                [
                    0.20630954971946594,
                    0.4743796312857125,
                    0.8558039157159637,
                    0.46185669751378644
                ],
                [
                    0.0,
                    0.0,
                    0.0,
                    1.0
                ]
            ]
        },
        {
            "fl_x": 616.5684814453125,
            "fl_y": 616.5177001953125,
            "cx": 322.56976318359375,
            "cy": 246.27505493164062,
            "w": 640,
            "h": 480,
            "k1": 0.0,
            "k2": 0.0,
            "k3": 0.0,
            "k4": 0.0,
            "p1": 0.0,
            "p2": 0.0,
            "file_path": "rgb/frame_00005.png",
            "depth_file_path": "depth/frame_00005.npy",
            "transform_matrix": [
                [
                    0.9828458530352061,
                    0.04390338911848796,
                    0.17912741876784724,
                    -0.22538662526931358
                ],
                [
                    0.02327089269319252,
                    0.933969032457562,
                    -0.35659501862184545,
                    -0.21864860560618038
                ],
                [
                    -0.18295512464743927,
                    0.3546471944823427,
                    0.9169255484965256,
                    0.44571469534600794
                ],
                [
                    0.0,
                    0.0,
                    0.0,
                    1.0
                ]
            ]
        },
        {
            "fl_x": 616.5684814453125,
            "fl_y": 616.5177001953125,
            "cx": 322.56976318359375,
            "cy": 246.27505493164062,
            "w": 640,
            "h": 480,
            "k1": 0.0,
            "k2": 0.0,
            "k3": 0.0,
            "k4": 0.0,
            "p1": 0.0,
            "p2": 0.0,
            "file_path": "rgb/frame_00006.png",
            "depth_file_path": "depth/frame_00006.npy",
            "transform_matrix": [
                [
                    0.9468001388098918,
                    -0.11664842333876271,
                    0.2999377570479347,
                    -0.21032763413048436
                ],
                [
                    0.2748067693041717,
                    0.7780775012254197,
                    -0.5648680603372723,
                    -0.19717925159002686
                ],
                [
                    -0.16748378907874498,
                    0.617242935268917,
                    0.768739563996717,
                    0.4199686564555655
                ],
                [
                    0.0,
                    0.0,
                    0.0,
                    1.0
                ]
            ]
        },
        {
            "fl_x": 616.5684814453125,
            "fl_y": 616.5177001953125,
            "cx": 322.56976318359375,
            "cy": 246.27505493164062,
            "w": 640,
            "h": 480,
            "k1": 0.0,
            "k2": 0.0,
            "k3": 0.0,
            "k4": 0.0,
            "p1": 0.0,
            "p2": 0.0,
            "file_path": "rgb/frame_00007.png",
            "depth_file_path": "depth/frame_00007.npy",
            "transform_matrix": [
                [
                    0.9806151586961315,
                    -0.015603512783782804,
                    -0.19532137692764148,
                    -0.2473298538976637
                ],
                [
                    -0.1147604601970809,
                    0.7622329487993557,
                    -0.6370479869868751,
                    -0.17961187591011182
                ],
                [
                    0.15882074870971777,
                    0.6471149479601328,
                    0.7456664957855224,
                    0.40719837999574243
                ],
                [
                    0.0,
                    0.0,
                    0.0,
                    1.0
                ]
            ]
        },
        {
            "fl_x": 616.5684814453125,
            "fl_y": 616.5177001953125,
            "cx": 322.56976318359375,
            "cy": 246.27505493164062,
            "w": 640,
            "h": 480,
            "k1": 0.0,
            "k2": 0.0,
            "k3": 0.0,
            "k4": 0.0,
            "p1": 0.0,
            "p2": 0.0,
            "file_path": "rgb/frame_00008.png",
            "depth_file_path": "depth/frame_00008.npy",
            "transform_matrix": [
                [
                    0.9379886732283805,
                    0.19797815257135642,
                    -0.2845729798690524,
                    -0.35205254611047954
                ],
                [
                    -0.293649641265553,
                    0.8900438934423753,
                    -0.34869969686958097,
                    -0.20370572843915036
                ],
                [
                    0.1842477136625431,
                    0.4106419517905717,
                    0.8929870332079353,
                    0.4285405452045613
                ],
                [
                    0.0,
                    0.0,
                    0.0,
                    1.0
                ]
            ]
        },
        {
            "fl_x": 616.5684814453125,
            "fl_y": 616.5177001953125,
            "cx": 322.56976318359375,
            "cy": 246.27505493164062,
            "w": 640,
            "h": 480,
            "k1": 0.0,
            "k2": 0.0,
            "k3": 0.0,
            "k4": 0.0,
            "p1": 0.0,
            "p2": 0.0,
            "file_path": "rgb/frame_00009.png",
            "depth_file_path": "depth/frame_00009.npy",
            "transform_matrix": [
                [
                    0.9380065159250862,
                    0.19818310725659716,
                    -0.28437143513055696,
                    -0.3521075973376676
                ],
                [
                    -0.3347848551622642,
                    0.7305440984327907,
                    -0.5951669682821334,
                    -0.17085393813257735
                ],
                [
                    0.08979398502161984,
                    0.6534746130976635,
                    0.7516037970191748,
                    0.3171577796382535
                ],
                [
                    0.0,
                    0.0,
                    0.0,
                    1.0
                ]
            ]
        },
        {
            "fl_x": 616.5684814453125,
            "fl_y": 616.5177001953125,
            "cx": 322.56976318359375,
            "cy": 246.27505493164062,
            "w": 640,
            "h": 480,
            "k1": 0.0,
            "k2": 0.0,
            "k3": 0.0,
            "k4": 0.0,
            "p1": 0.0,
            "p2": 0.0,
            "file_path": "rgb/frame_00010.png",
            "depth_file_path": "depth/frame_00010.npy",
            "transform_matrix": [
                [
                    0.8267145263046917,
                    0.44380443579209955,
                    -0.34580409032807324,
                    -0.3759599213554742
                ],
                [
                    -0.5594101573277975,
                    0.5828244567506857,
                    -0.5893855642958679,
                    -0.1459361695636737
                ],
                [
                    -0.06002874965629793,
                    0.6807007926427923,
                    0.7300981363200544,
                    0.2222822318230752
                ],
                [
                    0.0,
                    0.0,
                    0.0,
                    1.0
                ]
            ]
        },
        {
            "fl_x": 616.5684814453125,
            "fl_y": 616.5177001953125,
            "cx": 322.56976318359375,
            "cy": 246.27505493164062,
            "w": 640,
            "h": 480,
            "k1": 0.0,
            "k2": 0.0,
            "k3": 0.0,
            "k4": 0.0,
            "p1": 0.0,
            "p2": 0.0,
            "file_path": "rgb/frame_00011.png",
            "depth_file_path": "depth/frame_00011.npy",
            "transform_matrix": [
                [
                    0.8101118947149792,
                    0.5352215881700094,
                    -0.23928323411805877,
                    -0.3326661847951248
                ],
                [
                    -0.5844034191367592,
                    0.7697939569101843,
                    -0.25669007142117756,
                    -0.02990768773565261
                ],
                [
                    0.04681286845058304,
                    0.34778644191706887,
                    0.9364042086886376,
                    0.2929139316596239
                ],
                [
                    0.0,
                    0.0,
                    0.0,
                    1.0
                ]
            ]
        },
        {
            "fl_x": 616.5684814453125,
            "fl_y": 616.5177001953125,
            "cx": 322.56976318359375,
            "cy": 246.27505493164062,
            "w": 640,
            "h": 480,
            "k1": 0.0,
            "k2": 0.0,
            "k3": 0.0,
            "k4": 0.0,
            "p1": 0.0,
            "p2": 0.0,
            "file_path": "rgb/frame_00012.png",
            "depth_file_path": "depth/frame_00012.npy",
            "transform_matrix": [
                [
                    0.8229719065481944,
                    0.5465708368083569,
                    -0.15484692290333993,
                    -0.3385449585614763
                ],
                [
                    -0.5657264039047857,
                    0.8133231812007512,
                    -0.13586420519623518,
                    -0.04167654559650083
                ],
                [
                    0.05168132996924054,
                    0.19941418453084758,
                    0.9785511990487586,
                    0.4505798813292387
                ],
                [
                    0.0,
                    0.0,
                    0.0,
                    1.0
                ]
            ]
        },
        {
            "fl_x": 616.5684814453125,
            "fl_y": 616.5177001953125,
            "cx": 322.56976318359375,
            "cy": 246.27505493164062,
            "w": 640,
            "h": 480,
            "k1": 0.0,
            "k2": 0.0,
            "k3": 0.0,
            "k4": 0.0,
            "p1": 0.0,
            "p2": 0.0,
            "file_path": "rgb/frame_00013.png",
            "depth_file_path": "depth/frame_00013.npy",
            "transform_matrix": [
                [
                    0.8234051789802407,
                    0.5673938873580983,
                    0.008263148262843132,
                    -0.3489816532399631
                ],
                [
                    -0.5663323302013652,
                    0.8226056427230144,
                    -0.050870322656307206,
                    0.0447022412763701
                ],
                [
                    -0.03566070536612873,
                    0.03720788718703644,
                    0.9986706321904286,
                    0.40636584322360414
                ],
                [
                    0.0,
                    0.0,
                    0.0,
                    1.0
                ]
            ]
        },
        {
            "fl_x": 616.5684814453125,
            "fl_y": 616.5177001953125,
            "cx": 322.56976318359375,
            "cy": 246.27505493164062,
            "w": 640,
            "h": 480,
            "k1": 0.0,
            "k2": 0.0,
            "k3": 0.0,
            "k4": 0.0,
            "p1": 0.0,
            "p2": 0.0,
            "file_path": "rgb/frame_00014.png",
            "depth_file_path": "depth/frame_00014.npy",
            "transform_matrix": [
                [
                    -0.17817039012167357,
                    0.9767377004797078,
                    -0.11932679350268527,
                    -0.370594155029277
                ],
                [
                    -0.9839700904159225,
                    -0.17779083060696255,
                    0.01390599381003221,
                    0.0059922413615112954
                ],
                [
                    -0.007632572356161169,
                    0.11989236311666945,
                    0.9927571911774414,
                    0.3955786512914198
                ],
                [
                    0.0,
                    0.0,
                    0.0,
                    1.0
                ]
            ]
        },
        {
            "fl_x": 616.5684814453125,
            "fl_y": 616.5177001953125,
            "cx": 322.56976318359375,
            "cy": 246.27505493164062,
            "w": 640,
            "h": 480,
            "k1": 0.0,
            "k2": 0.0,
            "k3": 0.0,
            "k4": 0.0,
            "p1": 0.0,
            "p2": 0.0,
            "file_path": "rgb/frame_00015.png",
            "depth_file_path": "depth/frame_00015.npy",
            "transform_matrix": [
                [
                    -0.2069234726464,
                    0.9519762515239059,
                    -0.22566308362093832,
                    -0.36152625261080684
                ],
                [
                    -0.9240197331400708,
                    -0.2659606454621197,
                    -0.27468649748961327,
                    0.028949605693306013
                ],
                [
                    -0.3215125069817769,
                    0.1516787569828621,
                    0.934677806376924,
                    0.4041748246442398
                ],
                [
                    0.0,
                    0.0,
                    0.0,
                    1.0
                ]
            ]
        },
        {
            "fl_x": 616.5684814453125,
            "fl_y": 616.5177001953125,
            "cx": 322.56976318359375,
            "cy": 246.27505493164062,
            "w": 640,
            "h": 480,
            "k1": 0.0,
            "k2": 0.0,
            "k3": 0.0,
            "k4": 0.0,
            "p1": 0.0,
            "p2": 0.0,
            "file_path": "rgb/frame_00016.png",
            "depth_file_path": "depth/frame_00016.npy",
            "transform_matrix": [
                [
                    -0.15592433577553558,
                    0.9244453908774702,
                    -0.3479770651868604,
                    -0.3537930225848276
                ],
                [
                    -0.9084178857881701,
                    -0.2725487096345476,
                    -0.317008442550063,
                    0.03131837720106506
                ],
                [
                    -0.38789770456024775,
                    0.26667998402944343,
                    0.8822792700737805,
                    0.2548919273635217
                ],
                [
                    0.0,
                    0.0,
                    0.0,
                    1.0
                ]
            ]
        },
        {
            "fl_x": 616.5684814453125,
            "fl_y": 616.5177001953125,
            "cx": 322.56976318359375,
            "cy": 246.27505493164062,
            "w": 640,
            "h": 480,
            "k1": 0.0,
            "k2": 0.0,
            "k3": 0.0,
            "k4": 0.0,
            "p1": 0.0,
            "p2": 0.0,
            "file_path": "rgb/frame_00017.png",
            "depth_file_path": "depth/frame_00017.npy",
            "transform_matrix": [
                [
                    0.971816171362755,
                    -0.11704394899282528,
                    -0.2046315243727728,
                    -0.26729006898042756
                ],
                [
                    -0.07655622702547143,
                    0.6643000034143997,
                    -0.7435345534636466,
                    -0.08959279157403242
                ],
                [
                    0.22296312720147407,
                    0.7382455642858919,
                    0.6366171596685815,
                    0.10716194035462437
                ],
                [
                    0.0,
                    0.0,
                    0.0,
                    1.0
                ]
            ]
        }
    ],
    "ply_file_path": "sparse_pc.ply"
}