{
    "frames": [
        {
            "fl_x": 430.9388732910156,
            "fl_y": 430.4609375,
            "cx": 315.7748718261719,
            "cy": 243.72122192382812,
            "w": 640,
            "h": 480,
            "k1": 0.0,
            "k2": 0.0,
            "k3": 0.0,
            "k4": 0.0,
            "p1": 0.0,
            "p2": 0.0,
            "file_path": "img/frame_00001.png",
            "depth_file_path": "depth/frame_00001.npy",
            "transform_matrix": [
                [
                    -0.950483,
                    0.273545,
                    -0.147495,
                    -0.267003
                ],
                [
                    -0.310635,
                    -0.821942,
                    0.477407,
                    0.296048
                ],
                [
                    0.00936,
                    0.499584,
                    0.866215,
                    0.448774
                ],
                [
                    0.0,
                    0.0,
                    0.0,
                    1.0
                ]
            ]
        },
        {
            "fl_x": 616.5684814453125,
            "fl_y": 616.5177001953125,
            "cx": 322.56976318359375,
            "cy": 246.27505493164062,
            "w": 640,
            "h": 480,
            "k1": 0.0,
            "k2": 0.0,
            "k3": 0.0,
            "k4": 0.0,
            "p1": 0.0,
            "p2": 0.0,
            "file_path": "img/frame_00002.png",
            "depth_file_path": "depth/frame_00002.npy",
            "transform_matrix": [
                [
                    0.996957178568822,
                    -0.07794116433554035,
                    -0.001180753462991058,
                    -0.19628666143197906
                ],
                [
                    0.06380490760817277,
                    0.8246543294625678,
                    -0.5620265786632406,
                    -0.44410171612755744
                ],
                [
                    0.044779183246308175,
                    0.5602415521359188,
                    0.8271184753028746,
                    0.5180319425951163
                ],
                [
                    0.0,
                    0.0,
                    0.0,
                    1.0
                ]
            ]
        },
        {
            "fl_x": 616.5684814453125,
            "fl_y": 616.5177001953125,
            "cx": 322.56976318359375,
            "cy": 246.27505493164062,
            "w": 640,
            "h": 480,
            "k1": 0.0,
            "k2": 0.0,
            "k3": 0.0,
            "k4": 0.0,
            "p1": 0.0,
            "p2": 0.0,
            "file_path": "img/frame_00003.png",
            "depth_file_path": "depth/frame_00003.npy",
            "transform_matrix": [
                [
                    0.9609785801154175,
                    -0.20729315817104904,
                    -0.1831649857004334,
                    -0.3399316064216269
                ],
                [
                    0.059028894373952694,
                    0.8005673168892256,
                    -0.5963281414681864,
                    -0.43956625613221606
                ],
                [
                    0.2702510232641958,
                    0.5622470121247951,
                    0.7815648259718827,
                    0.5114784006649558
                ],
                [
                    0.0,
                    0.0,
                    0.0,
                    1.0
                ]
            ]
        },
        {
            "fl_x": 616.5684814453125,
            "fl_y": 616.5177001953125,
            "cx": 322.56976318359375,
            "cy": 246.27505493164062,
            "w": 640,
            "h": 480,
            "k1": 0.0,
            "k2": 0.0,
            "k3": 0.0,
            "k4": 0.0,
            "p1": 0.0,
            "p2": 0.0,
            "file_path": "img/frame_00004.png",
            "depth_file_path": "depth/frame_00004.npy",
            "transform_matrix": [
                [
                    0.5644978213272266,
                    0.6917142276575509,
                    -0.4504145669112005,
                    -0.4246213220973976
                ],
                [
                    -0.8252086785227811,
                    0.46015736431298726,
                    -0.327545100550436,
                    -0.2943168253042323
                ],
                [
                    -0.019305543102956853,
                    0.5565849551179437,
                    0.8305667742629735,
                    0.5463396052739985
                ],
                [
                    0.0,
                    0.0,
                    0.0,
                    1.0
                ]
            ]
        },
        {
            "fl_x": 616.5684814453125,
            "fl_y": 616.5177001953125,
            "cx": 322.56976318359375,
            "cy": 246.27505493164062,
            "w": 640,
            "h": 480,
            "k1": 0.0,
            "k2": 0.0,
            "k3": 0.0,
            "k4": 0.0,
            "p1": 0.0,
            "p2": 0.0,
            "file_path": "img/frame_00005.png",
            "depth_file_path": "depth/frame_00005.npy",
            "transform_matrix": [
                [
                    0.5691274129204399,
                    0.7132122173459567,
                    -0.4091723446017577,
                    -0.42927943103835753
                ],
                [
                    -0.8212763481495008,
                    0.46887159719072735,
                    -0.3250608201238599,
                    -0.224449232853945
                ],
                [
                    -0.03998756331295019,
                    0.5210450492186643,
                    0.8525923393530487,
                    0.5504477623025618
                ],
                [
                    0.0,
                    0.0,
                    0.0,
                    1.0
                ]
            ]
        },
        {
            "fl_x": 616.5684814453125,
            "fl_y": 616.5177001953125,
            "cx": 322.56976318359375,
            "cy": 246.27505493164062,
            "w": 640,
            "h": 480,
            "k1": 0.0,
            "k2": 0.0,
            "k3": 0.0,
            "k4": 0.0,
            "p1": 0.0,
            "p2": 0.0,
            "file_path": "img/frame_00006.png",
            "depth_file_path": "depth/frame_00006.npy",
            "transform_matrix": [
                [
                    0.4119320201773445,
                    0.7739145333290284,
                    -0.48100724593985605,
                    -0.4822781000506604
                ],
                [
                    -0.9111934961457759,
                    0.3534389747976761,
                    -0.2116771815463703,
                    -0.1592923766314538
                ],
                [
                    0.0061871416057700844,
                    0.5254877459418825,
                    0.8507790792302904,
                    0.5483948704672102
                ],
                [
                    0.0,
                    0.0,
                    0.0,
                    1.0
                ]
            ]
        },
        {
            "fl_x": 616.5684814453125,
            "fl_y": 616.5177001953125,
            "cx": 322.56976318359375,
            "cy": 246.27505493164062,
            "w": 640,
            "h": 480,
            "k1": 0.0,
            "k2": 0.0,
            "k3": 0.0,
            "k4": 0.0,
            "p1": 0.0,
            "p2": 0.0,
            "file_path": "img/frame_00007.png",
            "depth_file_path": "depth/frame_00007.npy",
            "transform_matrix": [
                [
                    0.41912402275175054,
                    0.7872014789330267,
                    -0.4523810059545589,
                    -0.48539091560945613
                ],
                [
                    -0.9058863985655707,
                    0.3959779772250651,
                    -0.15023698873700414,
                    -0.08086073739873775
                ],
                [
                    0.06086660688169168,
                    0.47277421467059927,
                    0.8790793560064867,
                    0.5696097764344745
                ],
                [
                    0.0,
                    0.0,
                    0.0,
                    1.0
                ]
            ]
        },
        {
            "fl_x": 616.5684814453125,
            "fl_y": 616.5177001953125,
            "cx": 322.56976318359375,
            "cy": 246.27505493164062,
            "w": 640,
            "h": 480,
            "k1": 0.0,
            "k2": 0.0,
            "k3": 0.0,
            "k4": 0.0,
            "p1": 0.0,
            "p2": 0.0,
            "file_path": "img/frame_00008.png",
            "depth_file_path": "depth/frame_00008.npy",
            "transform_matrix": [
                [
                    0.41914892762406947,
                    0.7872258891274221,
                    -0.45231544904585186,
                    -0.4853767608004315
                ],
                [
                    -0.9058784889442533,
                    0.395983265802571,
                    -0.15027073843101388,
                    -0.080864252077212
                ],
                [
                    0.0608128039697977,
                    0.47272913770030117,
                    0.8791073206473982,
                    0.5696356612663004
                ],
                [
                    0.0,
                    0.0,
                    0.0,
                    1.0
                ]
            ]
        },
        {
            "fl_x": 616.5684814453125,
            "fl_y": 616.5177001953125,
            "cx": 322.56976318359375,
            "cy": 246.27505493164062,
            "w": 640,
            "h": 480,
            "k1": 0.0,
            "k2": 0.0,
            "k3": 0.0,
            "k4": 0.0,
            "p1": 0.0,
            "p2": 0.0,
            "file_path": "img/frame_00009.png",
            "depth_file_path": "depth/frame_00009.npy",
            "transform_matrix": [
                [
                    0.4193158941512307,
                    0.7866551405140981,
                    -0.45315290956466026,
                    -0.48533377313021153
                ],
                [
                    -0.8924731944072297,
                    0.44864477001495995,
                    -0.04700308960609043,
                    0.019924903039439407
                ],
                [
                    0.16632989978866916,
                    0.42413646999517496,
                    0.890192895731349,
                    0.5712554698391453
                ],
                [
                    0.0,
                    0.0,
                    0.0,
                    1.0
                ]
            ]
        },
        {
            "fl_x": 616.5684814453125,
            "fl_y": 616.5177001953125,
            "cx": 322.56976318359375,
            "cy": 246.27505493164062,
            "w": 640,
            "h": 480,
            "k1": 0.0,
            "k2": 0.0,
            "k3": 0.0,
            "k4": 0.0,
            "p1": 0.0,
            "p2": 0.0,
            "file_path": "img/frame_00010.png",
            "depth_file_path": "depth/frame_00010.npy",
            "transform_matrix": [
                [
                    0.21453789124101158,
                    0.8912589462712514,
                    -0.3995381967262829,
                    -0.4928988867379827
                ],
                [
                    -0.9603273367997547,
                    0.2671028024772479,
                    0.08017016129295233,
                    0.039427817446115065
                ],
                [
                    0.1781705834416845,
                    0.3664884289295619,
                    0.9132043670969666,
                    0.6037436137032482
                ],
                [
                    0.0,
                    0.0,
                    0.0,
                    1.0
                ]
            ]
        },
        {
            "fl_x": 616.5684814453125,
            "fl_y": 616.5177001953125,
            "cx": 322.56976318359375,
            "cy": 246.27505493164062,
            "w": 640,
            "h": 480,
            "k1": 0.0,
            "k2": 0.0,
            "k3": 0.0,
            "k4": 0.0,
            "p1": 0.0,
            "p2": 0.0,
            "file_path": "img/frame_00011.png",
            "depth_file_path": "depth/frame_00011.npy",
            "transform_matrix": [
                [
                    -0.2921228435390598,
                    0.8746124221907791,
                    -0.38693307229206836,
                    -0.47288606973121683
                ],
                [
                    -0.9563580263698733,
                    -0.2643530837272707,
                    0.12448528839282502,
                    0.10266535126682247
                ],
                [
                    0.0065899216668308565,
                    0.40641203600836096,
                    0.9136664884028398,
                    0.6050863984697726
                ],
                [
                    0.0,
                    0.0,
                    0.0,
                    1.0
                ]
            ]
        },
        {
            "fl_x": 616.5684814453125,
            "fl_y": 616.5177001953125,
            "cx": 322.56976318359375,
            "cy": 246.27505493164062,
            "w": 640,
            "h": 480,
            "k1": 0.0,
            "k2": 0.0,
            "k3": 0.0,
            "k4": 0.0,
            "p1": 0.0,
            "p2": 0.0,
            "file_path": "img/frame_00012.png",
            "depth_file_path": "depth/frame_00012.npy",
            "transform_matrix": [
                [
                    -0.7685272345388748,
                    0.5658927348710139,
                    -0.2985485099414144,
                    -0.4212276700889289
                ],
                [
                    -0.639666708757572,
                    -0.6896844256960505,
                    0.33935473426511986,
                    0.21261776320160006
                ],
                [
                    -0.01386538374097146,
                    0.4517753761677516,
                    0.892024323117711,
                    0.5723935028662925
                ],
                [
                    0.0,
                    0.0,
                    0.0,
                    1.0
                ]
            ]
        },
        {
            "fl_x": 616.5684814453125,
            "fl_y": 616.5177001953125,
            "cx": 322.56976318359375,
            "cy": 246.27505493164062,
            "w": 640,
            "h": 480,
            "k1": 0.0,
            "k2": 0.0,
            "k3": 0.0,
            "k4": 0.0,
            "p1": 0.0,
            "p2": 0.0,
            "file_path": "img/frame_00013.png",
            "depth_file_path": "depth/frame_00013.npy",
            "transform_matrix": [
                [
                    -0.8841518752418681,
                    0.4536886191453931,
                    -0.11154348828102013,
                    -0.2946501008542461
                ],
                [
                    -0.4525322287897837,
                    -0.7722762665035485,
                    0.44587401369623564,
                    0.25946796464608235
                ],
                [
                    0.11614603221737661,
                    0.4446978637145525,
                    0.8881186044794422,
                    0.5686646597222871
                ],
                [
                    0.0,
                    0.0,
                    0.0,
                    1.0
                ]
            ]
        },
        {
            "fl_x": 616.5684814453125,
            "fl_y": 616.5177001953125,
            "cx": 322.56976318359375,
            "cy": 246.27505493164062,
            "w": 640,
            "h": 480,
            "k1": 0.0,
            "k2": 0.0,
            "k3": 0.0,
            "k4": 0.0,
            "p1": 0.0,
            "p2": 0.0,
            "file_path": "img/frame_00014.png",
            "depth_file_path": "depth/frame_00014.npy",
            "transform_matrix": [
                [
                    -0.21377756272250778,
                    0.9558719789246597,
                    -0.20151393730303116,
                    -0.35285372327037967
                ],
                [
                    -0.9743922627418861,
                    -0.22336585217104535,
                    -0.025833760432386846,
                    -0.035431974026772034
                ],
                [
                    -0.0697045864500439,
                    0.19083144638543612,
                    0.9791450308225805,
                    0.602821249122086
                ],
                [
                    0.0,
                    0.0,
                    0.0,
                    1.0
                ]
            ]
        },
        {
            "fl_x": 616.5684814453125,
            "fl_y": 616.5177001953125,
            "cx": 322.56976318359375,
            "cy": 246.27505493164062,
            "w": 640,
            "h": 480,
            "k1": 0.0,
            "k2": 0.0,
            "k3": 0.0,
            "k4": 0.0,
            "p1": 0.0,
            "p2": 0.0,
            "file_path": "img/frame_00015.png",
            "depth_file_path": "depth/frame_00015.npy",
            "transform_matrix": [
                [
                    0.20209248527926557,
                    0.9783588895358378,
                    0.04441615372526229,
                    -0.18920620220711248
                ],
                [
                    -0.9665766036034152,
                    0.20655333460011852,
                    -0.15187270039783546,
                    -0.09755178572512424
                ],
                [
                    -0.15775979889419267,
                    -0.012238797766705604,
                    0.9874017063242921,
                    0.623386197824841
                ],
                [
                    0.0,
                    0.0,
                    0.0,
                    1.0
                ]
            ]
        },
        {
            "fl_x": 616.5684814453125,
            "fl_y": 616.5177001953125,
            "cx": 322.56976318359375,
            "cy": 246.27505493164062,
            "w": 640,
            "h": 480,
            "k1": 0.0,
            "k2": 0.0,
            "k3": 0.0,
            "k4": 0.0,
            "p1": 0.0,
            "p2": 0.0,
            "file_path": "img/frame_00016.png",
            "depth_file_path": "depth/frame_00016.npy",
            "transform_matrix": [
                [
                    0.21066516213755354,
                    0.9774730137216455,
                    -0.012919485697740487,
                    -0.2421885387999341
                ],
                [
                    -0.9145406036697901,
                    0.19239890043613012,
                    -0.3558064805149764,
                    -0.1925505589683724
                ],
                [
                    -0.3453049827150698,
                    0.08677185889383959,
                    0.9344704793640367,
                    0.4243832893574758
                ],
                [
                    0.0,
                    0.0,
                    0.0,
                    1.0
                ]
            ]
        },
        {
            "fl_x": 616.5684814453125,
            "fl_y": 616.5177001953125,
            "cx": 322.56976318359375,
            "cy": 246.27505493164062,
            "w": 640,
            "h": 480,
            "k1": 0.0,
            "k2": 0.0,
            "k3": 0.0,
            "k4": 0.0,
            "p1": 0.0,
            "p2": 0.0,
            "file_path": "img/frame_00017.png",
            "depth_file_path": "depth/frame_00017.npy",
            "transform_matrix": [
                [
                    -0.0082953614112791,
                    0.9991681289693014,
                    -0.03992967167470721,
                    -0.26016280632915545
                ],
                [
                    -0.8080760322165285,
                    -0.03021957200034765,
                    -0.5883029591218649,
                    -0.3350098611469468
                ],
                [
                    -0.5890196690461603,
                    0.027386355345336393,
                    0.8076543141087076,
                    0.36905842501239344
                ],
                [
                    0.0,
                    0.0,
                    0.0,
                    1.0
                ]
            ]
        },
        {
            "fl_x": 616.5684814453125,
            "fl_y": 616.5177001953125,
            "cx": 322.56976318359375,
            "cy": 246.27505493164062,
            "w": 640,
            "h": 480,
            "k1": 0.0,
            "k2": 0.0,
            "k3": 0.0,
            "k4": 0.0,
            "p1": 0.0,
            "p2": 0.0,
            "file_path": "img/frame_00018.png",
            "depth_file_path": "depth/frame_00018.npy",
            "transform_matrix": [
                [
                    0.2500167029523141,
                    0.8163223614467291,
                    -0.5206814078329739,
                    -0.46221563114198805
                ],
                [
                    -0.8622049372978288,
                    -0.05698324644181709,
                    -0.5033447806708317,
                    -0.3291008009566217
                ],
                [
                    -0.4405611781933374,
                    0.5747789981949474,
                    0.6895905631594047,
                    0.3013056596516875
                ],
                [
                    0.0,
                    0.0,
                    0.0,
                    1.0
                ]
            ]
        },
        {
            "fl_x": 616.5684814453125,
            "fl_y": 616.5177001953125,
            "cx": 322.56976318359375,
            "cy": 246.27505493164062,
            "w": 640,
            "h": 480,
            "k1": 0.0,
            "k2": 0.0,
            "k3": 0.0,
            "k4": 0.0,
            "p1": 0.0,
            "p2": 0.0,
            "file_path": "img/frame_00019.png",
            "depth_file_path": "depth/frame_00019.npy",
            "transform_matrix": [
                [
                    0.4928164486762419,
                    0.4685160757652209,
                    -0.7332285735976937,
                    -0.5435483627462204
                ],
                [
                    -0.8640523089523966,
                    0.36294726935169996,
                    -0.3488307562665276,
                    -0.21340049060168598
                ],
                [
                    0.10269085984238889,
                    0.8054577278533629,
                    0.5836893041956598,
                    0.25751810854089585
                ],
                [
                    0.0,
                    0.0,
                    0.0,
                    1.0
                ]
            ]
        },
        {
            "fl_x": 616.5684814453125,
            "fl_y": 616.5177001953125,
            "cx": 322.56976318359375,
            "cy": 246.27505493164062,
            "w": 640,
            "h": 480,
            "k1": 0.0,
            "k2": 0.0,
            "k3": 0.0,
            "k4": 0.0,
            "p1": 0.0,
            "p2": 0.0,
            "file_path": "img/frame_00020.png",
            "depth_file_path": "depth/frame_00020.npy",
            "transform_matrix": [
                [
                    0.38584436969007413,
                    0.5582451284060147,
                    -0.7344971321549707,
                    -0.5505935980820209
                ],
                [
                    -0.818309337907516,
                    0.5747359183762883,
                    0.006948069129335236,
                    0.028443434010193364
                ],
                [
                    0.4260209000258465,
                    0.5983654282109863,
                    0.6785763985591438,
                    0.28111796650207194
                ],
                [
                    0.0,
                    0.0,
                    0.0,
                    1.0
                ]
            ]
        },
        {
            "fl_x": 616.5684814453125,
            "fl_y": 616.5177001953125,
            "cx": 322.56976318359375,
            "cy": 246.27505493164062,
            "w": 640,
            "h": 480,
            "k1": 0.0,
            "k2": 0.0,
            "k3": 0.0,
            "k4": 0.0,
            "p1": 0.0,
            "p2": 0.0,
            "file_path": "img/frame_00021.png",
            "depth_file_path": "depth/frame_00021.npy",
            "transform_matrix": [
                [
                    -0.986281831452541,
                    -0.1639526993366737,
                    0.01917171546186362,
                    -0.1739547544257263
                ],
                [
                    0.16465325661556862,
                    -0.9688904852401998,
                    0.18477149981844548,
                    0.17447470125189682
                ],
                [
                    -0.011717995541482904,
                    0.18539397220575535,
                    0.9825946161419228,
                    0.6505031052751207
                ],
                [
                    0.0,
                    0.0,
                    0.0,
                    1.0
                ]
            ]
        },
        {
            "fl_x": 616.5684814453125,
            "fl_y": 616.5177001953125,
            "cx": 322.56976318359375,
            "cy": 246.27505493164062,
            "w": 640,
            "h": 480,
            "k1": 0.0,
            "k2": 0.0,
            "k3": 0.0,
            "k4": 0.0,
            "p1": 0.0,
            "p2": 0.0,
            "file_path": "img/frame_00022.png",
            "depth_file_path": "depth/frame_00022.npy",
            "transform_matrix": [
                [
                    -0.6924832323198369,
                    -0.6719521091128017,
                    0.26257789615925803,
                    -0.15687571447177173
                ],
                [
                    0.7062724530661073,
                    -0.7056580088066402,
                    0.05679671171016334,
                    0.04472425919138685
                ],
                [
                    0.1471259745349356,
                    0.22478283431993915,
                    0.9632378851963262,
                    0.3832529201858244
                ],
                [
                    0.0,
                    0.0,
                    0.0,
                    1.0
                ]
            ]
        },
        {
            "fl_x": 616.5684814453125,
            "fl_y": 616.5177001953125,
            "cx": 322.56976318359375,
            "cy": 246.27505493164062,
            "w": 640,
            "h": 480,
            "k1": 0.0,
            "k2": 0.0,
            "k3": 0.0,
            "k4": 0.0,
            "p1": 0.0,
            "p2": 0.0,
            "file_path": "img/frame_00023.png",
            "depth_file_path": "depth/frame_00023.npy",
            "transform_matrix": [
                [
                    0.3177175987709756,
                    -0.8008249478501599,
                    0.5076758358907422,
                    -0.023366400261387477
                ],
                [
                    0.9356082046478822,
                    0.17786342038032657,
                    -0.30496150085399115,
                    -0.11682916714246075
                ],
                [
                    0.15392424180021733,
                    0.5718777767411493,
                    0.8057691791943378,
                    0.41285285348941547
                ],
                [
                    0.0,
                    0.0,
                    0.0,
                    1.0
                ]
            ]
        },
        {
            "fl_x": 616.5684814453125,
            "fl_y": 616.5177001953125,
            "cx": 322.56976318359375,
            "cy": 246.27505493164062,
            "w": 640,
            "h": 480,
            "k1": 0.0,
            "k2": 0.0,
            "k3": 0.0,
            "k4": 0.0,
            "p1": 0.0,
            "p2": 0.0,
            "file_path": "img/frame_00024.png",
            "depth_file_path": "depth/frame_00024.npy",
            "transform_matrix": [
                [
                    -0.7402974079514776,
                    0.26047827368348475,
                    0.6197665020008403,
                    0.12539114814406632
                ],
                [
                    -0.2341325665865088,
                    -0.9640683062032315,
                    0.12551623220679783,
                    0.11014995771612555
                ],
                [
                    0.6301916743586332,
                    -0.05218768870436593,
                    0.7746840645968209,
                    0.4443910215989365
                ],
                [
                    0.0,
                    0.0,
                    0.0,
                    1.0
                ]
            ]
        },
        {
            "fl_x": 616.5684814453125,
            "fl_y": 616.5177001953125,
            "cx": 322.56976318359375,
            "cy": 246.27505493164062,
            "w": 640,
            "h": 480,
            "k1": 0.0,
            "k2": 0.0,
            "k3": 0.0,
            "k4": 0.0,
            "p1": 0.0,
            "p2": 0.0,
            "file_path": "img/frame_00025.png",
            "depth_file_path": "depth/frame_00025.npy",
            "transform_matrix": [
                [
                    -0.15228128136746635,
                    0.8220174610270428,
                    0.5487242007841285,
                    0.03555264191227962
                ],
                [
                    -0.9725876921944373,
                    -0.22335720201647855,
                    0.06468853617669927,
                    0.04720469674764629
                ],
                [
                    0.1757368763918981,
                    -0.5238311168812181,
                    0.8334970823291081,
                    0.5026242663513361
                ],
                [
                    0.0,
                    0.0,
                    0.0,
                    1.0
                ]
            ]
        },
        {
            "fl_x": 616.5684814453125,
            "fl_y": 616.5177001953125,
            "cx": 322.56976318359375,
            "cy": 246.27505493164062,
            "w": 640,
            "h": 480,
            "k1": 0.0,
            "k2": 0.0,
            "k3": 0.0,
            "k4": 0.0,
            "p1": 0.0,
            "p2": 0.0,
            "file_path": "img/frame_00026.png",
            "depth_file_path": "depth/frame_00026.npy",
            "transform_matrix": [
                [
                    0.4820370283601747,
                    0.7530705552799097,
                    0.4478010985910436,
                    0.02768432851831701
                ],
                [
                    -0.8280114272208726,
                    0.5586396128993618,
                    -0.048152797820864415,
                    -0.044950662546886955
                ],
                [
                    -0.2864214326274233,
                    -0.3475725918553705,
                    0.8928357775384439,
                    0.4759116555394608
                ],
                [
                    0.0,
                    0.0,
                    0.0,
                    1.0
                ]
            ]
        },
        {
            "fl_x": 616.5684814453125,
            "fl_y": 616.5177001953125,
            "cx": 322.56976318359375,
            "cy": 246.27505493164062,
            "w": 640,
            "h": 480,
            "k1": 0.0,
            "k2": 0.0,
            "k3": 0.0,
            "k4": 0.0,
            "p1": 0.0,
            "p2": 0.0,
            "file_path": "img/frame_00027.png",
            "depth_file_path": "depth/frame_00027.npy",
            "transform_matrix": [
                [
                    0.07603251865080174,
                    0.8598347203613448,
                    0.5048801952036509,
                    -0.018015024153543835
                ],
                [
                    -0.9955910977980369,
                    0.09335966063363643,
                    -0.00906531881349668,
                    0.06694149423059848
                ],
                [
                    -0.054929768613349354,
                    -0.5019645528984104,
                    0.8631419639757608,
                    0.4533170329725535
                ],
                [
                    0.0,
                    0.0,
                    0.0,
                    1.0
                ]
            ]
        },
        {
            "fl_x": 616.5684814453125,
            "fl_y": 616.5177001953125,
            "cx": 322.56976318359375,
            "cy": 246.27505493164062,
            "w": 640,
            "h": 480,
            "k1": 0.0,
            "k2": 0.0,
            "k3": 0.0,
            "k4": 0.0,
            "p1": 0.0,
            "p2": 0.0,
            "file_path": "img/frame_00028.png",
            "depth_file_path": "depth/frame_00028.npy",
            "transform_matrix": [
                [
                    0.6255921084157172,
                    0.6248252432499625,
                    0.46714954151590193,
                    -0.005085781490728691
                ],
                [
                    -0.6662212658923121,
                    0.7394399789043525,
                    -0.0968381277690583,
                    -0.01635933215429792
                ],
                [
                    -0.4059354581061165,
                    -0.25064340792160467,
                    0.8788594451683762,
                    0.42278971533416754
                ],
                [
                    0.0,
                    0.0,
                    0.0,
                    1.0
                ]
            ]
        },
        {
            "fl_x": 616.5684814453125,
            "fl_y": 616.5177001953125,
            "cx": 322.56976318359375,
            "cy": 246.27505493164062,
            "w": 640,
            "h": 480,
            "k1": 0.0,
            "k2": 0.0,
            "k3": 0.0,
            "k4": 0.0,
            "p1": 0.0,
            "p2": 0.0,
            "file_path": "img/frame_00029.png",
            "depth_file_path": "depth/frame_00029.npy",
            "transform_matrix": [
                [
                    -0.3938393329504127,
                    0.7744955079685535,
                    0.49502278290463325,
                    0.010593235760452638
                ],
                [
                    -0.8870545450683701,
                    -0.46138301751331445,
                    0.01612368554516951,
                    0.12919330961263814
                ],
                [
                    0.24088310709080724,
                    -0.4327616020695933,
                    0.8687305178591308,
                    0.4340512745093228
                ],
                [
                    0.0,
                    0.0,
                    0.0,
                    1.0
                ]
            ]
        }
    ],
    "ply_file_path": "sparse_pc.ply"
}